1 25 26
0 2 26
1 3 27
2 28
5 30 32
4 6 33
5 7 34
6 8 35
7 9 36
8 10 37
9 11 38
10 12 39
11 13 40
12 14 41
13 15 42
14 16 43
15 17 44
16 18 45
17 19 46
18 20 47
19 21 48
20 22 49
21 23 50
22 24 51
23 52
0 26 53
25 0 1 27 56 55
26 28 56
27 2 3
30 31 59
29 4 31
29 30 32 61
31 4 33 62
32 5 34 63
33 6 35 64
34 7 36 65
35 8 37 66
36 9 38 67
37 10 39 68
38 11 40 69
39 12 41 70
40 13 42 71
41 14 43 72
42 15 44 73
43 16 45 74
44 17 46 75
45 18 47 76
46 19 48 77
47 20 49 78
48 21 50 79
49 22 51 80
50 23 52 81
51 24 82
25 54 83
53 55 84
54 26 56
55 26 27 58
58 60 87
56 57 59 60
58 29 60
57 58 59 61 89 90
60 31 62 90
61 63 32 91
62 64 33 92
63 65 34 93
64 66 35 94
65 67 36 95
66 68 37 96
67 69 38 97
68 70 39 98
69 71 40 99
70 72 41 100
71 73 42 101
72 74 43 102
73 75 44 103
74 76 45 104
75 77 46 105
76 78 47 106
77 79 48 107
78 80 49 108
79 82 50 109
80 82 51 110
81 52 111
53 84 85
83 54 85
83 84
87 88 112
86 88 57
86 87 89 113
88 90 60 114
89 91 60 61 115 116
90 92 62 116
91 93 63 117
92 94 64 118
93 95 65 119
94 96 66 120
95 97 67 121
96 98 68 122
97 99 69 123
98 100 70 124
99 101 71 125
100 102 72 126
101 103 73 127
102 104 74 128
103 105 75 129
104 106 76 130
105 107 77 131
106 108 78 132
107 109 79 133
108 110 80 134
109 111 81 135
110 82 136
113 137
112 114 138
113 115 139
114 116 140
115 117 141 142
116 118 142
117 119 143
118 120 144
119 121 145
120 122 146
121 123 147
122 124 148
123 125 149
124 126 150
125 127 151
126 128 152
127 129 153
128 130 154
129 131 155
130 132 156
131 133 157
132 134 158
133 135 159
134 136 160
135 161
138 162
139 163
140 164
141 165
142 166
143 167
144 
145 168
146 169
147 170
148 171
149 172 174
150 176
151 178 181
152 182
153 183
154 184
155 185
156 186
157 187
158 188
159 189
160 190
161 191 193
195
163 197
164 198
165 199
166 200
167 201
202
169 204
170 205
171 206
172 207
173 208
174 175
176
177 208
178
179 209
180
180 210 
181 
182 210
183 211
184 212
185 213
186 214
187 215
188 216
189 217
190 218
191 219
192 220
193 194
195 220
196
196
221
198 222
199 223
200 224
201 225
202 226
203 227
204 228
205 229 230
206 230
207 231
208 232
209 233
210 234
211 235
212 236
213 237
214 238
215 239
216 240
217 241
218 242
219 243
220 244
221 245
222 246
223 247
248 
225 249
226 250
227 251
228 252
229 253
230 254
231 255
232 256
233 257
234 258
235 259
236 260
237 261
238 262
239 263
240 264
241 266
242 266 268
243 269
244 270 272
245 272
246 274
247 275
248 276
277
250 278
251 279
252 280
253 281
254 282
255 283
256 284
257 285
258 286
259 287
260 288
261 289
262 290
263 291
264 292
265 295
266 295
267
268 297
269 298
270 299
271 300
272 301
273
274 303
275 303
276 305
277 307
308
279 309
280 310
281 311
282 312
283 313
284 314
285 316
286 319
287 320
288 321
289 322
290 323
291 325
292 328
293 
294 330 331
295 
296 332
297 333
298 334
299 336
300 337
301 338
302 339
303 340
304
305
306 341 342
307 344
308 345
345
310 346
311 347
312 348
313 350
314 351
315 352
316 353
317 
318 355
319 356
320 357
321 358
322 359
323 
324 360
325
326 361
327 362
328
329 363
330
331 365
332
333
334
335 364
336
337
338
339
340 365
341 366
342 
343 367
344 368
345 369
370
347 371 
348 372 
349 373 
350 374 
351 375 
352 376 
353 377 
354 378 
355 379 
356 380 
357 381 
358 382 
359 383 
360 384 
361 385 
362 386 
363 387 
364 388 
365 389 
366 390 
367 391 
368 392 
369 393 
370 394 
395 
372 396 
373 397 
374 398 
375 399 
376 400 
377 401 
378 402 
379 403 
380 404 
381 405 
382 406 
383 407 
384 408 
385 409 
386 410 
387 411 
388 412 
389 413 
390 414 
391 415 
392 416 
393 417 
394 418 
395 419 
420 
397 421 
398 422 
399 423 
400 424 
401 425 
402 426 
403 427 
404 428 
405 429 
406 430 
407 431 
408 432 
409 433 
410 434 
411 435 
412 436 
413 437 
414 438 
415 439 
416 440 
417 441 
418 442 
419 443 
420 444 
445 
422 446 
423 447 
424 448 
425 449 
426 450 
427 451 
428 452 
429 453 
430 454 
431 455 
432 456 
433 457 
434 458 
435 459 
436 460 
437 461 
438 462 
439 463 
440 464 
441 465 
442 466 
443 467 
444 468 
445 469 
470 
447 471 
448 472 
449 473 
450 474 
451 475 
452 476 
453 477 
454 478 
455 479 
456 480 
457 481 
458 482 
459 483 
460 484 
461 485 
462 486 
463 487 
464 488 
465 489 
466 490 
467 491 
468 492 
469 493 
470 494 
495 
472 496 
473 497 
474 498 
475 499 
476 500 
477 501 
478 502 
479 503 
480 504 
481 505 
482 506 
483 507 
484 508 
485 509 
486 510 
487 511 
488 512 
489 513 
490 514 
491 515 
492 516 
493 517 
494 518 
495 519 
520 
497 521 
498 522 
499 523 
500 524 
501 525 
502 526 
503 527 
504 528 
505 529 
506 530 
507 531 
508 532 
509 533 
510 534 
511 535 
512 536 
513 537 
514 538 
515 539 
516 540 
517 541 
518 542 
519 543 
520 544 
545 
522 546 
523 547 
524 548 
525 549 
526 550 
527 551 
528 552 
529 553 
530 554 
531 555 
532 556 
533 557 
534 558 
535 559 
536 560 
537 561 
538 562 
539 563 
540 564 
541 565 
542 566 
543 567 
544 568 
545 569 
570 
547 571 
548 572 
549 573 
550 574 
551 575 
552 576 
553 577 
554 578 
555 579 
556 580 
557 581 
558 582 
559 583 
560 584 
561 585 
562 586 
563 587 
564 588 
565 589 
566 590 
567 591 
568 592 
569 593 
570 594 
595 
572 596 
573 597 
574 598 
575 599 
576 600 
577 601 
578 602 
579 603 
580 604 
581 605 
582 606 
583 607 
584 608 
585 609 
586 610 
587 611 
588 612 
589 613 
590 614 
591 615 
592 616 
593 617 
594 618 
595 619 
620 
597 621 
598 622 
599 623 
600 624 
601 625 
602 626 
603 627 
604 628 
605 629 
606 630 
607 631 
608 632 
609 633 
610 634 
611 635 
612 636 
613 637 
614 638 
615 639 
616 640 
617 641 
618 642 
619 643 
620 644 
645 
622 646 
623 647 
624 648 
625 649 
626 650 
627 651 
628 652 
629 653 
630 654 
631 655 
632 656 
633 657 
634 658 
635 659 
636 660 
637 661 
638 662 
639 663 
640 664 
641 665 
642 666 
643 667 
644 668 
645 669 
670 
647 671 
648 672 
649 673 
650 674 
651 675 
652 676 
653 677 
654 678 
655 679 
656 680 
657 681 
658 682 
659 683 
660 684 
661 685 
662 686 
663 687 
664 688 
665 689 
666 690 
667 691 
668 692 
669 693 
670 694 
695 
672 696 
673 697 
674 698 
675 699 
676 700 
677 701 
678 702 
679 703 
680 704 
681 705 
682 706 
683 707 
684 708 
685 709 
686 710 
687 711 
688 712 
689 713 
690 714 
691 715 
692 716 
693 717 
694 718 
695 719 
720 
697 721 
698 722 
699 723 
700 724 
701 725 
702 726 
703 727 
704 728 
705 729 
706 730 
707 731 
708 732 
709 733 
710 734 
711 735 
712 736 
713 737 
714 738 
715 739 
716 740 
717 741 
718 742 
719 743 
720 744 
745 
722 746 
723 747 
724 748 
725 749 
726 750 
727 751 
728 752 
729 753 
730 754 
731 755 
732 756 
733 757 
734 758 
735 759 
736 760 
737 761 
738 762 
739 763 
740 764 
741 765 
742 766 
743 767 
744 768 
745 769 
770 
747 
748 
749 
750 
751 
752 
753 
754 
755 
756 
757 
758 
759 
760 
761 
762 
763 
764 
765 
766 
767 
768 
769 
770 
772 796 
773 797 
774 798 
775 799 
776 800 
777 801 
778 802 
779 803 
780 804 
781 805 
782 806 
783 807 
784 808 
785 809 
786 810 
787 811 
788 812 
789 813 
790 814 
791 815 
792 816 
793 817 
794 818 
795 819 
820 
797 821 
798 822 
799 823 
800 824 
801 825 
802 826 
803 827 
804 828 
805 829 
806 830 
807 831 
808 832 
809 833 
810 834 
811 835 
812 836 
813 837 
814 838 
815 839 
816 840 
817 841 
818 842 
819 843 
820 844 
845 
822 846 
823 847 
824 848 
825 849 
826 850 
827 851 
828 852 
829 853 
830 854 
831 855 
832 856 
833 857 
834 858 
835 859 
836 860 
837 861 
838 862 
839 863 
840 864 
841 865 
842 866 
843 867 
844 868 
845 869 
870 
847 871 
848 872 
849 873 
850 874 
851 875 
852 876 
853 877 
854 878 
855 879 
856 880 
857 881 
858 882 
859 883 
860 884 
861 885 
862 886 
863 887 
864 888 
865 889 
866 890 
867 891 
868 892 
869 893 
870 894 
895 
872 896 
873 897 
874 898 
875 899 
876 900 
877 901 
878 902 
879 903 
880 904 
881 905 
882 906 
883 907 
884 908 
885 909 
886 910 
887 911 
888 912 
889 913 
890 914 
891 915 
892 916 
893 917 
894 918 
895 919 
920 
897 921 
898 922 
899 923 
900 924 
901 925 
902 926 
903 927 
904 928 
905 929 
906 930 
907 931 
908 932 
909 933 
910 934 
911 935 
912 936 
913 937 
914 938 
915 939 
916 940 
917 941 
918 942 
919 943 
920 944 
945 
922 946 
923 947 
924 948 
925 949 
926 950 
927 951 
928 952 
929 953 
930 954 
931 955 
932 956 
933 957 
934 958 
935 959 
936 960 
937 961 
938 962 
939 963 
940 964 
941 965 
942 966 
943 967 
944 968 
945 969 
970 
947 971 
948 972 
949 973 
950 974 
951 975 
952 976 
953 977 
954 978 
955 979 
956 980 
957 981 
958 982 
959 983 
960 984 
961 985 
962 986 
963 987 
964 988 
965 989 
966 990 
967 991 
968 992 
969 993 
970 994 
995 
972 996 
973 997 
974 998 
975 999 
976 1000 
977 1001 
978 1002 
979 1003 
980 1004 
981 1005 
982 1006 
983 1007 
984 1008 
985 1009 
986 1010 
987 1011 
988 1012 
989 1013 
990 1014 
991 1015 
992 1016 
993 1017 
994 1018 
995 1019 
1020 
997 1021 
998 1022 
999 1023 
1000 1024 
1001 1025 
1002 1026 
1003 1027 
1004 1028 
1005 1029 
1006 1030 
1007 1031 
1008 1032 
1009 1033 
1010 1034 
1011 1035 
1012 1036 
1013 1037 
1014 1038 
1015 1039 
1016 1040 
1017 1041 
1018 1042 
1019 1043 
1020 1044 
1045 
1022 1046 
1023 1047 
1024 1048 
1025 1049 
1026 1050 
1027 1051 
1028 1052 
1029 1053 
1030 1054 
1031 1055 
1032 1056 
1033 1057 
1034 1058 
1035 1059 
1036 1060 
1037 1061 
1038 1062 
1039 1063 
1040 1064 
1041 1065 
1042 1066 
1043 1067 
1044 1068 
1045 1069 
1070 
1047 1071 
1048 1072 
1049 1073 
1050 1074 
1051 1075 
1052 1076 
1053 1077 
1054 1078 
1055 1079 
1056 1080 
1057 1081 
1058 1082 
1059 1083 
1060 1084 
1061 1085 
1062 1086 
1063 1087 
1064 1088 
1065 1089 
1066 1090 
1067 1091 
1068 1092 
1069 1093 
1070 1094 
1095 
1072 
1073 
1074 
1075 
1076 
1077 
1078 
1079 
1080 
1081 
1082 
1083 
1084 
1085 
1086 
1087 
1088 
1089 
1090 
1091 
1092 
1093 
1094 
1095 