-57.9628145 -34.8950344, 
-57.9637372 -34.8958088, 
-57.9648101 -34.8967944, 
-57.9659044 -34.8977447, 
-57.9668485 -34.8987303, 
-57.9677712 -34.8995926, 
-57.9689085 -34.9006485, 
-57.9699170 -34.9014932, 
-57.9709040 -34.9024611, 
-57.9719340 -34.9033410, 
-57.9729854 -34.9042561, 
-57.9739939 -34.9052416, 
-57.9750025 -34.9062094, 
-57.9761397 -34.9071245, 
-57.9771697 -34.9080923, 
-57.9780709 -34.9090073, 
-57.9791223 -34.9099576, 
-57.9800450 -34.9108726, 
-57.9812037 -34.9117700, 
-57.9822766 -34.9127905, 
-57.9832637 -34.9137231, 
-57.9842722 -34.9146029, 
-57.9852592 -34.9155178, 
-57.9862892 -34.9164680, 
-57.9873192 -34.9173829, 
-57.9883277 -34.9182626, 
-57.9892718 -34.9193535, 
-57.9904200 -34.9202900, 
-57.9914390 -34.9212009, 
-57.9924690 -34.9221158, 
-57.9933059 -34.9229603, 
-57.9950568 -34.9243940, 
-57.9960867 -34.9253440, 
-57.9971274 -34.9262765, 
-57.9980555 -34.9271605, 
-57.9991337 -34.9280973,
-58.0001900 -34.9290300, 
-58.0012624 -34.9299897, 
-58.0022602 -34.9309485, 
-58.0033009 -34.9318720, 
-58.0042879 -34.9328044, 
-58.0052964 -34.9337103, 
-58.0063479 -34.9346691
-57.9616712 -34.8958805,
-57.9625509 -34.8967076,
-57.9636667 -34.8976404,
-57.9646109 -34.8985731,
-57.9656838 -34.8995587,
-57.9666064 -34.9004386,
-57.9677652 -34.9014241,
-57.9687737 -34.9023392,
-57.9698466 -34.9033247,
-57.9708765 -34.9042750,
-57.9718850 -34.9051372,
-57.9728077 -34.9060523,
-57.9738377 -34.9070025,
-57.9749535 -34.9080232,
-57.9759405 -34.9089030,
-57.9769705 -34.9098532,
-57.9780648 -34.9107858,
-57.9789446 -34.9117008,
-57.9800604 -34.9126686,
-57.9811762 -34.9136188, 
-57.9821418 -34.9145689, 
-57.9831503 -34.9154839, 
-57.9841588 -34.9164164, 
-57.9851673 -34.9173138,
-57.9861758 -34.9182639,
-57.9872916 -34.9192140,
-57.9882787 -34.9201641,
-57.9893301 -34.9211318,
-57.9903601 -34.9220290,
-57.9913257 -34.9229263,
-57.9923557 -34.9238236,
-57.9939157 -34.9252710,
-57.9949296 -34.9261815, 
-57.9959542 -34.9271227, 
-57.9969252 -34.9280727, 
-57.9979712 -34.9289611, 
-57.9990173 -34.9299287,  
-58.0000741 -34.9309006,
-58.0011041 -34.9318374, 
-58.0020911 -34.9327170,
-58.0030889 -34.9336317,
-58.0041403 -34.9345773, 
-58.0052025 -34.9355228
-57.9605809 -34.8966787,
-57.9615680 -34.8975762,
-57.9625550 -34.8984562,
-57.9634777 -34.8994593,
-57.9645506 -34.9003920, 
-57.9656235 -34.9012719, 
-57.9666534 -34.9022398,
-57.9676834 -34.9032077,
-57.9686275 -34.9041404,
-57.9696790 -34.9050555,
-57.9707089 -34.9060233,
-57.9717818 -34.9069032,
-57.9727474 -34.9078710,
-57.9738632 -34.9088213,
-57.9748288 -34.9097891,
-57.9759017 -34.9107041,
-57.9768781 -34.9116103, 
-57.9778758 -34.9125165,
-57.9789621 -34.9135194,
-57.9800216 -34.9144344,
-57.9809979 -34.9153890, 
-57.9820386 -34.9163171,
-57.9830390 -34.9172474,
-57.9840342 -34.9181294,
-57.9850856 -34.9191059, 
-57.9861584 -34.9200757,
-57.9871509 -34.9209973,
-57.9881916 -34.9219275,
-57.9892027 -34.9228314, 
-57.9901469 -34.9237286,
-57.9912439 -34.9247139,
-57.9927833 -34.9260950, 
-57.9937918 -34.9270384,
-57.9947922 -34.9279510,
-57.9958329 -34.9288746,
-57.9968414 -34.9298070,
-57.9979143 -34.9307658,
-57.9989657 -34.9317333,
-57.9999850 -34.9326569,
-58.0009828 -34.9335760,
-58.0019913 -34.9345040,
-58.0029891 -34.9353879,
-58.0040137 -34.9363026
-57.9593901 -34.8974937,
-57.9603771 -34.8984616,
-57.9614500 -34.8993768,
-57.9624800 -34.9002919, 
-57.9634885 -34.9012070,
-57.9644112 -34.9021221,
-57.9655270 -34.9031076,
-57.9665784 -34.9040755,
-57.9675869 -34.9049906, 
-57.9686169 -34.9058704,
-57.9696039 -34.9068207,
-57.9706124 -34.9077533, 
-57.9716639 -34.9087211,
-57.9727797 -34.9097065,
-57.9737238 -34.9105864,
-57.9747726 -34.9115240,
-57.9757944 -34.9124362,
-57.9768003 -34.9133753,
-57.9778169 -34.9143431, 
-57.9789166 -34.9153020, 
-57.9799305 -34.9162192,
-57.9809229 -34.9171627, 
-57.9819233 -34.9180556,
-57.9829479 -34.9189859,
-57.9839833 -34.9199361,
-57.9850454 -34.9209257,
-57.9860593 -34.9218494,
-57.9870946 -34.9227533,
-57.9881005 -34.9237055,
-57.9891089 -34.9246292, 
-57.9901174 -34.9255221,
-57.9916407 -34.9269096,
-57.9926519 -34.9278772,
-57.9937029 -34.9288066,
-57.9946685 -34.9297390,
-57.9957414 -34.9306538, 
-57.9967928 -34.9315686, 
-57.9978872 -34.9326065,
-57.9988313 -34.9334509,
-57.9998398 -34.9343480, 
-58.0008483 -34.9352627,
-58.0018354 -34.9361775, 
-58.0029512 -34.9372329
-57.9582926 -34.8983972,
-57.9592582 -34.8992683,
-57.9603418 -34.9002010, 
-57.9613396 -34.9011425,
-57.9623052 -34.9020313,
-57.9633351 -34.9029639,
-57.9643544 -34.9039406, 
-57.9654595 -34.9048645, 
-57.9664894 -34.9057972,
-57.9674872 -34.9067210,
-57.9685172 -34.9076625,
-57.9695042 -34.9085863,
-57.9705557 -34.9095629,
-57.9716071 -34.9105021,
-57.9726156 -34.9114193, 
-57.9736234 -34.9123673, 
-57.9746326 -34.9132493, 
-57.9756626 -34.9141818,
-57.9767569 -34.9152024,
-57.9777654 -34.9161349,
-57.9788383 -34.9170235,
-57.9798146 -34.9179736, 
-57.9808017 -34.9189149, 
-57.9818102 -34.9198298,
-57.9828616 -34.9207887,
-57.9839023 -34.9217476,
-57.9849859 -34.9226537,
-57.9859623 -34.9236037,
-57.9869493 -34.9245010, 
-57.9879793 -34.9254334, 
-57.9892131 -34.9265990,
-57.9905097 -34.9277803,
-57.9915343 -34.9287215,
-57.9925857 -34.9296187,
-57.9935621 -34.9305599,
-57.9946242 -34.9314835, 
-57.9956220 -34.9324774,
-57.9967000 -34.9333700, 
-57.9977141 -34.9343069,
-57.9987226 -34.9352041,
-57.9997419 -34.9361628,
-58.0007182 -34.9370775,
-58.0018340 -34.9380626
-57.9566179 -34.8996477,
-57.9569934 -34.9009896, 
-57.9580341 -34.9018739,
-57.9590266 -34.9028330,
-57.9600351 -34.9037481,
-57.9610489 -34.9046851,
-57.9615907 -34.9052043, 
-57.9625993 -34.9061061, 
-57.9631464 -34.9066120,
-57.9641442 -34.9075095, 
-57.9651849 -34.9084421, 
-57.9661988 -34.9093747,
-57.9672073 -34.9103118,
-57.9682373 -34.9112356,
-57.9693101 -34.9122297, 
-57.9703616 -34.9131359,
-57.9713593 -34.9140729,
-57.9723732 -34.9149922,
-57.9738699 -34.9164175, 
-57.9749750 -34.9173940, 
-57.9754899 -34.9178470,
-57.9765038 -34.9187664,
-57.9775070 -34.9196901,
-57.9785262 -34.9205874,
-57.9795562 -34.9215419,
-57.9816590 -34.9234640,
-57.9826407 -34.9244140,
-57.9836278 -34.9253289,
-57.9847436 -34.9263141,
-57.9857306 -34.9271585, 
-57.9867606 -34.9280733, 
-57.9882596 -34.9294903, 
-57.9892788 -34.9304139, 
-57.9902659 -34.9313375,
-57.9913066 -34.9322698,
-57.9922614 -34.9331758, 
-57.9933450 -34.9341169, 
-57.9943643 -34.9350669,
-57.9953835 -34.9360256,
-57.9964350 -34.9369843, 
-57.9974649 -34.9379254,
-57.9984198 -34.9387521, 
-57.9995034 -34.9397723
-57.9549126 -34.9009319, 
-57.9558246 -34.9019130,
-57.9568277 -34.9028017, 
-57.9578684 -34.9037036,
-57.9588877 -34.9046538, 
-57.9598855 -34.9055249, 
-57.9608940 -34.9065016,
-57.9619776 -34.9074518, 
-57.9629754 -34.9084108, 
-57.9639946 -34.9093435, 
-57.9650353 -34.9102409, 
-57.9660438 -34.9111735, 
-57.9670845 -34.9121677, 
-57.9681789 -34.9131178, 
-57.9691444 -34.9140328, 
-57.9701208 -34.9149214, 
-57.9711829 -34.9158803, 
-57.9721700 -34.9167601,
-57.9732536 -34.9177454,
-57.9742943 -34.9186603,
-57.9753779 -34.9196368, 
-57.9763650 -34.9205517, 
-57.9773520 -34.9214666, 
-57.9784034 -34.9223815,
-57.9794549 -34.9233843,
-57.9804419 -34.9243168,
-57.9814933 -34.9253020, 
-57.9825233 -34.9261640,
-57.9835318 -34.9270965,
-57.9844760 -34.9280113, 
-57.9855274 -34.9289261, 
-57.9871145 -34.9303671,
-57.9880909 -34.9312554,
-57.9890994 -34.9321790, 
-57.9901186 -34.9331466,
-57.9911593 -34.9340525, 
-57.9921785 -34.9349848, 
-57.9932514 -34.9359611,
-57.9941956 -34.9369198, 
-57.9952684 -34.9378257, 
-57.9962555 -34.9387580, 
-57.9972640 -34.9396815, 
-57.9983691 -34.9406490
-57.9537760 -34.9017834, 
-57.9547201 -34.9026985,
-57.9557608 -34.9035784,
-57.9567586 -34.9045462, 
-57.9577457 -34.9054877, 
-57.9587220 -34.9063939, 
-57.9598807 -34.9074498, 
-57.9608249 -34.9083296,
-57.9618548 -34.9092446,
-57.9629706 -34.9101597,
-57.9639148 -34.9110747, 
-57.9648589 -34.9119897,
-57.9658889 -34.9129750, 
-57.9670476 -34.9139604, 
-57.9680775 -34.9148402, 
-57.9690217 -34.9157551,
-57.9700087 -34.9167052,
-57.9711245 -34.9176202,
-57.9722403 -34.9186055, 
-57.9732006 -34.9195402,
-57.9742144 -34.9204705,
-57.9752873 -34.9214558, 
-57.9763173 -34.9223706, 
-57.9773043 -34.9233207, 
-57.9783343 -34.9242707, 
-57.9793643 -34.9251504, 
-57.9803513 -34.9260652, 
-57.9813813 -34.9270153, 
-57.9823684 -34.9279301, 
-57.9833554 -34.9288801, 
-57.9844283 -34.9297817, 
-57.9859733 -34.9312023, 
-57.9869834 -34.9321010,
-57.9879973 -34.9330290,
-57.9890112 -34.9339877,
-57.9900143 -34.9348805,
-57.9910497 -34.9358612,
-57.9921494 -34.9368023,
-57.9931686 -34.9377390, 
-57.9941503 -34.9386317, 
-57.9951856 -34.9395772, 
-57.9961888 -34.9405138, 
-57.9972026 -34.9414505
-57.9526122 -34.9025305, 
-57.9536421 -34.9035160,
-57.9546077 -34.9044311,
-57.9556377 -34.9053462, 
-57.9567106 -34.9063316,
-57.9576547 -34.9071763, 
-57.9586847 -34.9080913, 
-57.9598005 -34.9091119, 
-57.9607017 -34.9100621, 
-57.9617317 -34.9109420,
-57.9627854 -34.9119512,
-57.9637456 -34.9128288,
-57.9648614 -34.9138141,
-57.9659128 -34.9147555,
-57.9668784 -34.9156529,
-57.9679406 -34.9166118,
-57.9689491 -34.9175267,
-57.9699361 -34.9184153,
-57.9709554 -34.9193478,
-57.9720819 -34.9203770, 
-57.9731548 -34.9212567, 
-57.9740560 -34.9220661, 
-57.9750860 -34.9231569, 
-57.9761160 -34.9240365, 
-57.9772747 -34.9250569,
-57.9783046 -34.9260070,
-57.9792488 -34.9268514,
-57.9802787 -34.9278366,
-57.9812658 -34.9287514,
-57.9822797 -34.9296926,
-57.9833285 -34.9306184,
-57.9848491 -34.9320247,
-57.9858522 -34.9329482,
-57.9868724 -34.9338876,
-57.9878862 -34.9347847,
-57.9899301 -34.9366846,
-57.9909922 -34.9376300, 
-57.9920276 -34.9385799,
-57.9930200 -34.9394990,
-57.9940446 -34.9404049,
-57.9950906 -34.9413108,
-57.9961260 -34.9423178, 
-57.9971817 -34.9432907
-57.9514629 -34.9034248, 
-57.9524285 -34.9043223, 
-57.9534799 -34.9052725,
-57.9544670 -34.9061524,
-57.9554111 -34.9070498,
-57.9565698 -34.9080529,
-57.9575569 -34.9089855,
-57.9586297 -34.9100061, 
-57.9596168 -34.9109035, 
-57.9606253 -34.9118361, 
-57.9616553 -34.9127335, 
-57.9626638 -34.9136661, 
-57.9636508 -34.9146162, 
-57.9647881 -34.9156016, 
-57.9657537 -34.9164813, 
-57.9667407 -34.9173963, 
-57.9678351 -34.9183464, 
-57.9688007 -34.9192613, 
-57.9698521 -34.9201586, 
-57.9709464 -34.9212142, 
-57.9719550 -34.9220939,
-57.9728991 -34.9230264,
-57.9739720 -34.9239940,
-57.9750234 -34.9248913, 
-57.9760319 -34.9258413, 
-57.9770833 -34.9268089, 
-57.9781777 -34.9277590, 
-57.9791433 -34.9287089,
-57.9801518 -34.9296062,
-57.9811174 -34.9305034, 
-57.9822171 -34.9314687, 
-57.9836957 -34.9328180, 
-57.9847042 -34.9338119,
-57.9857771 -34.9347091,
-57.9867749 -34.9356150, 
-57.9888455 -34.9375148,
-57.9898755 -34.9384559,
-57.9908947 -34.9394145, 
-57.9919032 -34.9403556, 
-57.9929118 -34.9412439,
-57.9939739 -34.9421234,
-57.9950253 -34.9431348,
-57.9960300 -34.9440900
-57.9503276 -34.9042285,
-57.9513254 -34.9051436, 
-57.9523446 -34.9060938, 
-57.9533746 -34.9069737,
-57.9544045 -34.9079239,
-57.9553487 -34.9089093,
-57.9564216 -34.9097892,
-57.9574944 -34.9107745,
-57.9585137 -34.9117247,
-57.9594966 -34.9126330, 
-57.9605480 -34.9136008,
-57.9615351 -34.9145510,
-57.9625865 -34.9154483,
-57.9637452 -34.9164864,
-57.9647108 -34.9173838,
-57.9656979 -34.9182635,
-57.9666635 -34.9192312,
-57.9677364 -34.9201461,
-57.9688092 -34.9210962,
-57.9697748 -34.9220639,
-57.9708263 -34.9229963, 
-57.9718562 -34.9239288,
-57.9728862 -34.9248084, 
-57.9739162 -34.9257761, 
-57.9749032 -34.9266381, 
-57.9759546 -34.9276409, 
-57.9770061 -34.9285557, 
-57.9779931 -34.9295409, 
-57.9789587 -34.9303853, 
-57.9800531 -34.9313705, 
-57.9811259 -34.9323380, 
-57.9826002 -34.9337061,
-57.9836194 -34.9345857, 
-57.9846172 -34.9355004, 
-57.9856687 -34.9364767, 
-57.9866557 -34.9373650, 
-57.9877286 -34.9383413, 
-57.9887907 -34.9393088, 
-57.9897563 -34.9402498, 
-57.9908078 -34.9411645, 
-57.9918163 -34.9420791, 
-57.9928087 -34.9430158, 
-57.9938816 -34.9439348
-57.9491000 -34.9051178,
-57.9502158 -34.9060504,
-57.9512243 -34.9069831,
-57.9522328 -34.9078981,
-57.9532628 -34.9088307, 
-57.9542015 -34.9097325,
-57.9563410 -34.9116679,
-57.9573710 -34.9126445,
-57.9583903 -34.9135595,
-57.9593988 -34.9144392,
-57.9603429 -34.9153366,
-57.9624860 -34.9172963, 
-57.9635106 -34.9182244, 
-57.9645084 -34.9191085, 
-57.9655276 -34.9200938, 
-57.9665576 -34.9209647, 
-57.9686604 -34.9229616, 
-57.9697119 -34.9238677, 
-57.9707204 -34.9247297, 
-57.9717396 -34.9256446, 
-57.9726945 -34.9266122, 
-57.9748081 -34.9285386, 
-57.9758488 -34.9294798, 
-57.9768680 -34.9304034, 
-57.9778229 -34.9313094,
-57.9788206 -34.9322857,
-57.9799257 -34.9332005,
-57.9814148 -34.9345962,
-57.9824072 -34.9355065,
-57.9834020 -34.9363957, 
-57.9844427 -34.9373016, 
-57.9855799 -34.9382779, 
-57.9865562 -34.9392277, 
-57.9876238 -34.9401336, 
-57.9886108 -34.9410527, 
-57.9895765 -34.9419739, 
-57.9906387 -34.9428709, 
-57.9916901 -34.9438472, 
-57.9926450 -34.9448673,
-57.9936100 -34.9475700, 
-57.9946300 -34.9485100, 
-57.9956100 -34.9493800,
-57.9966500 -34.9503500 
-57.9480157 -34.9059674,
-57.9490243 -34.9069352,
-57.9500328 -34.9078503,
-57.9510627 -34.9087477,
-57.9520498 -34.9097683, 
-57.9530583 -34.9106129, 
-57.9541097 -34.9115807,
-57.9552041 -34.9125485,
-57.9561930 -34.9134225, 
-57.9573088 -34.9144078, 
-57.9582529 -34.9152876,
-57.9592829 -34.9162025,
-57.9603129 -34.9172230, 
-57.9613428 -34.9181732, 
-57.9623728 -34.9190529, 
-57.9633598 -34.9200030,
-57.9643040 -34.9208827, 
-57.9654198 -34.9218680,
-57.9663639 -34.9227476,
-57.9674583 -34.9238209,
-57.9685097 -34.9247181, 
-57.9695611 -34.9255978, 
-57.9705052 -34.9265654, 
-57.9715352 -34.9274802, 
-57.9726725 -34.9284126,
-57.9736810 -34.9293626,
-57.9747324 -34.9303654,
-57.9756765 -34.9312274, 
-57.9766636 -34.9321597, 
-57.9777365 -34.9330745, 
-57.9787450 -34.9340288, 
-57.9802486 -34.9354507,
-57.9812786 -34.9363303, 
-57.9833063 -34.9381861,
-57.9842934 -34.9391095,
-57.9853984 -34.9400946,
-57.9864177 -34.9410532, 
-57.9874262 -34.9419415,
-57.9884669 -34.9429089,
-57.9894647 -34.9438412,
-57.9905054 -34.9447646,
-57.9915461 -34.9457672,
-57.9925868 -34.9466818
-57.9469768 -34.9068102,
-57.9479639 -34.9077780,
-57.9489510 -34.9085874, 
-57.9499380 -34.9095201, 
-57.9510323 -34.9105407, 
-57.9520623 -34.9114029, 
-57.9530708 -34.9123355, 
-57.9541866 -34.9133032, 
-57.9550449 -34.9142182, 
-57.9561607 -34.9151507, 
-57.9571478 -34.9161009, 
-57.9581563 -34.9169982, 
-57.9591648 -34.9180011, 
-57.9603235 -34.9189864, 
-57.9612677 -34.9198662, 
-57.9622976 -34.9207986, 
-57.9632632 -34.9217311, 
-57.9644219 -34.9226284, 
-57.9654090 -34.9236488, 
-57.9664175 -34.9245461,
-57.9674475 -34.9254609, 
-57.9685204 -34.9263582,
-57.9695074 -34.9273610,
-57.9704945 -34.9282582,
-57.9715673 -34.9291906, 
-57.9725544 -34.9301758, 
-57.9736273 -34.9310905, 
-57.9745929 -34.9320405, 
-57.9756658 -34.9329377, 
-57.9766957 -34.9338700, 
-57.9775969 -34.9347496, 
-57.9791322 -34.9363081, 
-57.9801622 -34.9371877, 
-57.9811921 -34.9381112, 
-57.9821792 -34.9390698, 
-57.9831877 -34.9399581, 
-57.9842606 -34.9408992, 
-57.9853335 -34.9419018, 
-57.9862883 -34.9427901, 
-57.9873290 -34.9437487, 
-57.9883590 -34.9446545, 
-57.9893675 -34.9456131,
-57.9903760 -34.9465277
-57.9459097 -34.9074662,
-57.9470255 -34.9083636,
-57.9480555 -34.9093314,
-57.9489996 -34.9103168, 
-57.9500940 -34.9111439,
-57.9511025 -34.9120589,
-57.9521110 -34.9130618, 
-57.9532053 -34.9140296, 
-57.9542568 -34.9149797, 
-57.9551365 -34.9158595, 
-57.9562094 -34.9167920, 
-57.9571750 -34.9177598, 
-57.9582479 -34.9186747,
-57.9593208 -34.9197128,
-57.9603722 -34.9205573, 
-57.9614022 -34.9214722, 
-57.9623892 -34.9224574, 
-57.9633334 -34.9233899, 
-57.9644385 -34.9243136, 
-57.9655435 -34.9252900,
-57.9664876 -34.9262224,
-57.9674962 -34.9271196, 
-57.9684832 -34.9280872,
-57.9695561 -34.9289493, 
-57.9705646 -34.9298992, 
-57.9716160 -34.9308492, 
-57.9726460 -34.9317464, 
-57.9736331 -34.9327491,
-57.9747274 -34.9336815, 
-57.9756072 -34.9345610, 
-57.9767015 -34.9355109, 
-57.9779968 -34.9371026,
-57.9790669 -34.9380084, 
-57.9800754 -34.9389759,
-57.9810839 -34.9398730,
-57.9820924 -34.9407877,
-57.9832082 -34.9417551, 
-57.9841738 -34.9427225, 
-57.9852253 -34.9436547, 
-57.9862123 -34.9445694, 
-57.9872637 -34.9454488, 
-57.9882937 -34.9464162, 
-57.9893666 -34.9473836
-57.9450995 -34.9081244,
-57.9461724 -34.9090746,
-57.9472131 -34.9100336, 
-57.9481894 -34.9108959, 
-57.9491980 -34.9118636, 
-57.9501850 -34.91272580, 
-57.9512043 -34.9137112,
-57.9523093 -34.914679,
-57.9533500 -34.9156731, 
-57.9543263 -34.9164385,
-57.9553134 -34.9173622,
-57.9563434 -34.9183739,
-57.9573948 -34.9193064, 
-57.9584140 -34.9203093, 
-57.9594655 -34.9211978, 
-57.9604418 -34.9221831, 
-57.9614610 -34.9231243, 
-57.9624910 -34.9240128,
-57.9635531 -34.9249804,
-57.9645938 -34.9259480, 
-57.9656238 -34.9268629, 
-57.9666323 -34.9277777, 
-57.9676516 -34.9286925, 
-57.9686601 -34.9295985, 
-57.9697222 -34.9305573, 
-57.9707736 -34.9315248, 
-57.9717714 -34.9324660, 
-57.9728014 -34.9333632, 
-57.9737777 -34.9343395, 
-57.9748291 -34.9352278,
-57.9758547 -34.9361384
-57.9443227 -34.9087031,
-57.9453419 -34.9096270,
-57.9463719 -34.9105068, 
-57.9473804 -34.9115010,
-57.9483889 -34.9124248, 
-57.9494403 -34.9132694, 
-57.9503737 -34.9143075, 
-57.9515110 -34.9152840,
-57.9524981 -34.9162606, 
-57.9535173 -34.9171227, 
-57.9545258 -34.9180464,
-57.9555129 -34.9189966,
-57.9565643 -34.9199115,
-57.9576479 -34.9209055, 
-57.9586886 -34.9218292, 
-57.9596971 -34.9227617, 
-57.9606842 -34.9236766, 
-57.9616819 -34.9245914, 
-57.9627656 -34.9255326, 
-57.9638062 -34.9265178, 
-57.9648255 -34.9274415, 
-57.9658233 -34.9283387, 
-57.9668425 -34.9292535, 
-57.9678617 -34.9302123, 
-57.9689561 -34.9311534, 
-57.9699324 -34.9321210, 
-57.9710053 -34.9330797, 
-57.9719816 -34.9339681,
-57.9730438 -34.9348740,
-57.9740630 -34.9358591, 
-57.9750849 -34.9367695, 
-57.9768931 -34.9379336,
-57.9779043 -34.9388614,
-57.9789101 -34.9397849, 
-57.9799186 -34.9407150, 
-57.9809271 -34.9416253,
-57.9820108 -34.9425993,
-57.9830488 -34.9435491,
-57.9840787 -34.9444967,
-57.9850765 -34.9454135,
-57.9860797 -34.9463413, 
-57.9871016 -34.9472516, 
-57.9881396 -34.9482079
-57.9436089 -34.9092352,
-57.9446496 -34.9101414,
-57.9457011 -34.9110476,
-57.9466667 -34.9120418,
-57.9476001 -34.9129216,
-57.9486300 -34.9138718, 
-57.9497351 -34.9148395,
-57.9507758 -34.9158073,
-57.9518058 -34.9167310, 
-57.9527821 -34.9176196, 
-57.9538013 -34.9185873, 
-57.9547938 -34.9195022,  
-57.9558720 -34.9204875, 
-57.9568751 -34.9214309,
-57.9579695 -34.9223634,
-57.9589887 -34.9232651,
-57.9599543 -34.9242063,
-57.9609736 -34.9251300, 
-57.9620035 -34.9260624,
-57.9630871 -34.9270036,
-57.9641386 -34.9279624,
-57.9651149 -34.9288860, 
-57.9661449 -34.9298096, 
-57.9671641 -34.9307332, 
-57.9681619 -34.9317184, 
-57.9692133 -34.9326595, 
-57.9703076 -34.9336182, 
-57.9712518 -34.9345330, 
-57.9723032 -34.9354741,
-57.9733117 -34.9363712,
-57.9743310 -34.9372860, 
-57.9757811 -34.9387742,
-57.9767788 -34.9396844,
-57.9778088 -34.9406211,
-57.9788119 -34.9415578,
-57.9798258 -34.9424812,
-57.9809148 -34.9434442,
-57.9819340 -34.9443896, 
-57.9829694 -34.9452999, 
-57.9839779 -34.9462497, 
-57.9849757 -34.9471599, 
-57.9860110 -34.9480921, 
-57.9870571 -34.9490374
-57.9429022 -34.9097467, 
-57.9439214 -34.9106441, 
-57.9449299 -34.9116295, 
-57.9459492 -34.9125533,
-57.9469899 -34.9134507,
-57.9479662 -34.9143393,
-57.9490498 -34.9154214,
-57.9500154 -34.9163891, 
-57.9510346 -34.9172953,
-57.9520753 -34.9182366,
-57.9531267 -34.9191515, 
-57.9541674 -34.9200136,
-57.9561737 -34.9218962, 
-57.9572359 -34.9228550, 
-57.9583302 -34.9237963,
-57.9593387 -34.9247375,
-57.9603258 -34.9256172,
-57.9613665 -34.9265320, 
-57.9624716 -34.9275876,
-57.9634586 -34.9284584,
-57.9644028 -34.9294348, 
-57.9654113 -34.9304112, 
-57.9695741 -34.9341230, 
-57.9706255 -34.9350289,
-57.9716447 -34.9359613,
-57.9726532 -34.9369112,
-57.9736725 -34.9378259,
-57.9745984 -34.9396134,
-57.9755801 -34.9405193,
-57.9765672 -34.9414428, 
-57.9776830 -34.9423662, 
-57.9786486 -34.9433073,
-57.9797322 -34.9443099,
-57.9807836 -34.9452069,
-57.9817921 -34.9461919,
-57.9827577 -34.9471241,
-57.9838413 -34.9480211,
-57.9848284 -34.9489620, 
-57.9858798 -34.9499206,
-57.9869200 -34.9508600,
-57.9879400 -34.9517700,
-57.9889500 -34.9527000
-57.9416382 -34.9106406, 
-57.9426789 -34.9116039, 
-57.9437196 -34.9125365,
-57.9447066 -34.9134339,
-57.9457581 -34.9143489,
-57.9467880 -34.9152287,
-57.9478180 -34.9163020,
-57.9488909 -34.9171465,
-57.9498779 -34.9181670, 
-57.9508864 -34.9190467, 
-57.9518735 -34.9199441, 
-57.9529893 -34.9208941, 
-57.9549419 -34.9225304, 
-57.9559934 -34.9237795, 
-57.9570877 -34.9246592, 
-57.9580962 -34.9255916,
-57.9591262 -34.9265240,
-57.9601132 -34.9274741, 
-57.9612290 -34.9285296,
-57.9622590 -34.9293740,
-57.9632461 -34.9302712,
-57.9643189 -34.9312036, 
-57.9684174 -34.9349154,
-57.9694473 -34.9359181,
-57.9703700 -34.9368856, 
-57.9714858 -34.9377299,
-57.9723656 -34.9387150
-57.9409514 -34.9111534,
-57.9420243 -34.9120684,
-57.9430758 -34.9130362,
-57.9441057 -34.9140215,
-57.9451142 -34.9148661,
-57.9461227 -34.9159042,
-57.9470669 -34.9166784,
-57.9482041 -34.9176813,
-57.9492126 -34.9187018,
-57.9501568 -34.9195991, 
-57.9511653 -34.9204437, 
-57.9523669 -34.9213762, 
-57.9533111 -34.9223966,
-57.9544269 -34.9232939,
-57.9552852 -34.9243495,
-57.9563581 -34.9251940,
-57.9573880 -34.9261088, 
-57.9584609 -34.9270940, 
-57.9594480 -34.9280616,
-57.9605208 -34.9289940,
-57.9615723 -34.9298912,
-57.9625379 -34.9307708,
-57.9635464 -34.9316680, 
-57.9644691 -34.9326355, 
-57.9656278 -34.9336734, 
-57.9666792 -34.9346057,
-57.9676662 -34.9355205,
-57.9686533 -34.9364352, 
-57.9698120 -34.9374906, 
-57.9707562 -34.9382822,
-57.9717647 -34.9392497,
-57.9815859 -34.9480045, 
-57.9826266 -34.9489279, 
-57.9836244 -34.9498337, 
-57.9847187 -34.9508186, 
-57.9857380 -34.9517331
-57.9402900 -34.9116805,
-57.9412555 -34.9126131,
-57.9423338 -34.9135457,
-57.9433423 -34.9144783,
-57.9443293 -34.9154108,
-57.9453807 -34.9162906,
-57.9464107 -34.9172583,
-57.9475265 -34.9182436,
-57.9484921 -34.9191937,
-57.9495650 -34.9200734,
-57.9505306 -34.9210235,
-57.9514962 -34.9218680,
-57.9525905 -34.9228357,
-57.9536205 -34.9238209,
-57.9546719 -34.9247709, 
-57.9555946 -34.9255802, 
-57.9567104 -34.9266534,
-57.9576545 -34.9275154,
-57.9587703 -34.9285182, 
-57.9598003 -34.9294858, 
-57.9608303 -34.9304006,
-57.9618602 -34.9313329,
-57.9628473 -34.9322829, 
-57.9638343 -34.9331625, 
-57.9649502 -34.9341652, 
-57.9659801 -34.9351151, 
-57.9669994 -34.9360694,
-57.9680079 -34.9369710, 
-57.9690271 -34.9379120,
-57.9700249 -34.9388047,
-57.9710012 -34.9397238
-57.9394785 -34.9122858,
-57.9404816 -34.9132139,
-57.9415223 -34.9141729, 
-57.9425308 -34.9151054, 
-57.9435501 -34.9160116, 
-57.9446015 -34.9169265, 
-57.9455456 -34.9178327,
-57.9466507 -34.9188708,
-57.9476807 -34.9198121, 
-57.9486999 -34.9207094, 
-57.9497299 -34.9216594, 
-57.9507598 -34.9225567, 
-57.9518542 -34.9235508, 
-57.9527768 -34.9245008, 
-57.9538175 -34.9253453, 
-57.9548582 -34.9262161,
-57.9558989 -34.9272013,
-57.9568753 -34.9281777,
-57.9579911 -34.9291189,
-57.9589781 -34.9301041,
-57.9600295 -34.9310101,
-57.9610488 -34.9319512, 
-57.9620251 -34.9328308, 
-57.9630443 -34.9337720,
-57.9641601 -34.9347395,
-57.9651794 -34.9357158, 
-57.9662094 -34.9366481, 
-57.9672071 -34.9375716, 
-57.9681835 -34.9384775, 
-57.9692134 -34.9393834, 
-57.9702327 -34.9403069,
-57.9722710 -34.9413919,
-57.9732742 -34.9423154,
-57.9742773 -34.9432564,
-57.9753609 -34.9441710, 
-57.9763480 -34.9450769, 
-57.9773994 -34.9460267,
-57.9784079 -34.9469764,
-57.9794057 -34.9479526,
-57.9804464 -34.9488408,
-57.9815086 -34.9497730, 
-57.9824849 -34.9506963, 
-57.9835470 -34.9516812
-57.9385799 -34.9129423, 
-57.9396314 -34.9138925, 
-57.9407043 -34.9148426,
-57.9417020 -34.9157752,
-57.9426140 -34.9166901, 
-57.9437083 -34.9176226, 
-57.9447383 -34.9184672, 
-57.9458112 -34.9194877, 
-57.9467982 -34.9204466, 
-57.9478389 -34.9213878, 
-57.9488796 -34.9223379, 
-57.9498667 -34.9232176, 
-57.9509825 -34.9241764, 
-57.9519159 -34.9251177, 
-57.9529673 -34.9260237, 
-57.9539866 -34.9269210, 
-57.9550165 -34.9278885,
-57.9560036 -34.9288034,
-57.9570228 -34.9297885,
-57.9581172 -34.9307649,
-57.9591471 -34.9316621,
-57.9601449 -34.9326032,
-57.9611641 -34.9334740, 
-57.9621405 -34.9344151, 
-57.9632455 -34.9353914, 
-57.9642862 -34.9363589, 
-57.9652947 -34.9372649, 
-57.9662818 -34.9382059, 
-57.9673118 -34.9391470, 
-57.9683632 -34.9400177,
-57.9694468 -34.9409676,
-57.9711540 -34.9421907, 
-57.9721196 -34.9431405, 
-57.9731496 -34.9440376, 
-57.9741795 -34.9449874, 
-57.9752095 -34.9459020, 
-57.9761966 -34.9469046,
-57.9773124 -34.9478016,
-57.9782994 -34.9487338,
-57.9802950 -34.9505805, 
-57.9813893 -34.9515478, 
-57.9823335 -34.9525327, 
-57.9831848 -34.9532035
-57.9376539 -34.913619, 
-57.9387268 -34.9145604,
-57.9397245 -34.9155369,
-57.9407009 -34.9164607, 
-57.9417308 -34.9173932, 
-57.9427608 -34.9182817,
-57.9437800 -34.9192494, 
-57.9448315 -34.9202259,
-57.9458078 -34.9210088,
-57.9468592 -34.9220645,
-57.9478677 -34.9229794,
-57.9488870 -34.9238942, 
-57.9499062 -34.9248443, 
-57.9510220 -34.9257591, 
-57.9520305 -34.9267707,
-57.9530283 -34.9276943,
-57.9540368 -34.9285300, 
-57.9550453 -34.9295151,
-57.9560860 -34.9305003,
-57.9571804 -34.9314678,
-57.9581674 -34.9323562,
-57.9591545 -34.9332974,
-57.9602059 -34.9342209,
-57.9612144 -34.9351620, 
-57.9622766 -34.9361119, 
-57.9633173 -34.9371058, 
-57.9643472 -34.9380029, 
-57.9653343 -34.9389440, 
-57.9663750 -34.9398411, 
-57.9673942 -34.9407646,
-57.9684456 -34.9417144,
-57.9700435 -34.9430322,
-57.9710090 -34.9439908, 
-57.9720712 -34.9449055, 
-57.9730368 -34.9458553, 
-57.9740239 -34.9467523, 
-57.9751182 -34.9477372, 
-57.9762018 -34.9486870, 
-57.9771781 -34.9496016,
-57.9782188 -34.9505073,
-57.9792059 -34.9514219,
-57.9812551 -34.9533125
-57.9365608 -34.9144584, 
-57.9376015 -34.9153733,
-57.9385993 -34.9163323, 
-57.9396292 -34.9172208,
-57.9406592 -34.9181709,
-57.9416677 -34.9190682, 
-57.9427192 -34.9200447,
-57.9438457 -34.9209596,
-57.9447684 -34.9217865,
-57.9458305 -34.9228334,
-57.9468390 -34.9238274, 
-57.9478583 -34.9247511, 
-57.9488882 -34.9256659, 
-57.9499611 -34.9266511, 
-57.9509589 -34.9275483, 
-57.9519674 -34.9284719, 
-57.9529866 -34.9293868, 
-57.9539844 -34.9302664, 
-57.9550573 -34.9312867, 
-57.9560980 -34.9322806, 
-57.9571280 -34.9331426, 
-57.9581579 -34.9341013,
-57.9591450 -34.9349985,
-57.9601857 -34.9359220,
-57.9612371 -34.9368895,
-57.9622886 -34.9378570, 
-57.9632971 -34.9387629, 
-57.9643056 -34.9396952, 
-57.9653141 -34.9406274, 
-57.9663226 -34.9415597, 
-57.9673740 -34.9424919, 
-57.9689142 -34.9438801, 
-57.9699227 -34.9448299, 
-57.9709741 -34.9457621, 
-57.9719612 -34.9466591, 
-57.9730126 -34.9475737, 
-57.9739782 -34.9485235, 
-57.9751154 -34.9495260, 
-57.9760596 -34.9504581,
-57.9770466 -34.9513375,
-57.9780927 -34.9522609,
-57.9791924 -34.9531666,
-57.9802009 -34.9542042