1 100 2 25 100 1 26 100 1 
0 100 2 2 100 2 26 100 1 
1 100 2 3 100 2 27 100 1 
2 99 2 28 100 1 
5 99 1 30 100 1 32 100 1 
4 100 2 6 100 1 33 100 1 
5 100 1 7 100 1 34 100 1 
6 100 1 8 100 1 35 100 1 
7 100 1 9 100 1 36 100 1 
8 100 1 10 100 1 37 100 1 
9 100 1 11 100 1 38 100 1 
10 100 1 12 100 1 39 100 1 
11 100 1 13 100 1 40 100 1 
12 100 1 14 100 1 41 100 1 
13 100 1 15 100 1 42 100 1 
14 100 1 16 100 1 43 100 1 
15 100 1 17 100 1 44 100 1 
16 100 1 18 100 1 45 100 1 
17 100 1 19 100 1 46 100 1 
18 100 1 20 100 1 47 100 1 
19 100 1 21 100 1 48 100 1 
20 100 1 22 100 1 49 100 1 
21 100 1 23 100 1 50 100 1 
22 100 1 24 100 1 51 100 1 
23 100 1 52 100 1 
0 100 2 26 100 1 53 100 1 
25 100 1 0 100 2 1 100 2 27 100 1 56 100 1 55 100 1 
26 100 1 28 100 1 56 100 1 
27 100 1 2 100 2 3 100 2 
30 100 1 31 100 1 59 100 1 
29 100 1 4 100 2 31 100 1 
29 100 1 30 100 1 32 100 1 61 100 1 
31 100 1 4 100 2 33 100 1 62 100 1 
32 100 1 5 100 1 34 100 1 63 100 1 
33 100 1 6 100 1 35 100 1 64 100 1 
34 100 1 7 100 1 36 100 1 65 100 1 
35 100 1 8 100 1 37 100 1 66 100 1 
36 100 1 9 100 1 38 100 1 67 100 1 
37 100 1 10 100 1 39 100 1 68 100 1 
38 100 1 11 100 1 40 100 1 69 100 1 
39 100 1 12 100 1 41 100 1 70 100 1 
40 100 1 13 100 1 42 100 1 71 100 1 
41 100 1 14 100 1 43 100 1 72 100 1 
42 100 1 15 100 1 44 100 1 73 100 1 
43 100 1 16 100 1 45 100 1 74 100 1 
44 100 1 17 100 1 46 100 1 75 100 1 
45 100 1 18 100 1 47 100 1 76 100 1 
46 100 1 19 100 1 48 100 1 77 100 1 
47 100 1 20 100 1 49 100 1 78 100 1 
48 100 1 21 100 1 50 100 1 79 100 1 
49 100 1 22 100 1 51 100 1 80 100 1 
50 100 1 23 100 1 52 100 1 81 100 1 
51 100 1 24 100 1 82 100 1 
25 100 1 54 100 1 83 100 1 
53 100 1 55 100 1 84 100 1 
54 100 1 26 100 1 56 100 1 
55 100 1 26 100 1 27 100 1 58 100 1 
58 100 1 60 100 1 87 100 1 
56 100 1 57 100 1 59 100 1 60 100 1 
58 100 1 29 100 1 60 100 1 
57 100 1 58 100 1 59 100 1 61 100 1 89 100 1 90 100 1 
60 100 1 31 100 1 62 100 1 90 100 1 
61 100 1 63 100 1 32 100 1 91 100 1 
62 100 1 64 100 1 33 100 1 92 100 1 
63 100 1 65 100 1 34 100 1 93 100 1 
64 100 1 66 100 1 35 100 1 94 100 1 
65 100 1 67 100 1 36 100 1 95 100 1 
66 100 1 68 100 1 37 100 1 96 100 1 
67 100 1 69 100 1 38 100 1 97 100 1 
68 100 1 70 100 1 39 100 1 98 100 1 
69 100 1 71 100 1 40 100 1 99 100 1 
70 100 1 72 100 1 41 100 1 100 100 2 
71 100 1 73 100 1 42 100 1 101 100 2 
72 100 1 74 100 1 43 100 1 102 100 2 
73 100 1 75 100 1 44 100 1 103 100 2 
74 100 1 76 100 1 45 100 1 104 100 2 
75 100 1 77 100 1 46 100 1 105 100 2 
76 100 1 78 100 1 47 100 1 106 100 2 
77 100 1 79 100 1 48 100 1 107 100 2 
78 100 1 80 100 1 49 100 1 108 100 2 
79 100 1 82 100 1 50 100 1 109 100 2 
80 100 1 82 100 1 51 100 1 110 100 2 
81 100 1 52 100 1 111 100 2 
53 100 1 84 100 1 85 100 1 
83 100 1 54 100 1 85 100 1 
83 100 1 84 100 1 
87 100 1 88 100 1 112 100 2 
86 100 1 88 100 1 57 100 1 
86 100 1 87 100 1 89 100 1 113 100 2 
88 100 1 90 100 1 60 100 1 114 100 2 
89 100 1 91 100 1 60 100 1 61 100 1 115 100 2 116 100 2 
90 100 1 92 100 1 62 100 1 116 100 2 
91 100 1 93 100 1 63 100 1 117 100 2 
92 100 1 94 100 1 64 100 1 118 100 2 
93 100 1 95 100 1 65 100 1 119 100 2 
94 100 1 96 100 1 66 100 1 120 100 2 
95 100 1 97 100 1 67 100 1 121 100 2 
96 100 1 98 100 1 68 100 1 122 100 2 
97 100 1 99 100 1 69 100 1 123 100 2 
98 100 1 100 100 2 70 100 1 124 100 2 
99 100 1 101 100 2 71 100 1 125 100 2 
100 100 2 102 100 2 72 100 1 126 100 2 
101 100 2 103 100 2 73 100 1 127 100 2 
102 100 2 104 100 2 74 100 1 128 100 2 
103 100 2 105 100 2 75 100 1 129 100 2 
104 100 2 106 100 2 76 100 1 130 100 2 
105 100 2 107 100 2 77 100 1 131 100 2 
106 100 2 108 100 2 78 100 1 132 100 2 
107 100 2 109 100 2 79 100 1 133 100 2 
108 100 2 110 100 2 80 100 1 134 100 2 
109 100 2 111 100 2 81 100 1 135 100 2 
110 100 2 82 100 1 136 100 2 
113 100 2 137 100 2 
112 100 2 114 100 2 138 100 2 
113 100 2 115 100 2 139 100 2 
114 100 2 116 100 2 140 100 2 
115 100 2 117 100 2 141 100 2 142 100 2 
116 100 2 118 100 2 142 100 2 
117 100 2 119 100 2 143 100 2 
118 100 2 120 100 2 144 100 2 
119 100 2 121 100 2 145 100 2 
120 100 2 122 100 2 146 100 2 
121 100 2 123 100 2 147 100 2 
122 100 2 124 100 2 148 100 2 
123 100 2 125 100 2 149 100 2 
124 100 2 126 100 2 150 100 2 
125 100 2 127 100 2 151 100 2 
126 100 2 128 100 2 152 100 2 
127 100 2 129 100 2 153 100 2 
128 100 2 130 100 2 154 100 2 
129 100 2 131 100 2 155 100 2 
130 100 2 132 100 2 156 100 2 
131 100 2 133 100 2 157 100 2 
132 100 2 134 100 2 158 100 2 
133 100 2 135 100 2 159 100 2 
134 100 2 136 100 2 160 100 2 
135 100 2 161 100 2 
138 100 2 162 100 2 
139 100 2 163 100 2 
140 100 2 164 100 2 
141 100 2 165 100 2 
142 100 2 166 100 2 
143 100 2 167 100 2 
144 100 2 
145 100 2 168 100 2 
146 100 2 169 100 2 
147 100 2 170 100 2 
148 100 2 171 100 2 
149 100 2 172 100 2 174 100 2 
150 100 2 176 100 2 
151 100 2 178 100 2 181 100 2 
152 100 2 182 100 2 
153 100 2 183 100 2 
154 100 2 184 100 2 
155 100 2 185 100 2 
156 100 2 186 100 2 
157 100 2 187 100 2 
158 100 2 188 100 2 
159 100 2 189 100 2 
160 100 2 190 100 2 
161 100 2 191 100 2 193 100 2 
195 100 2 
163 100 2 197 100 2 
164 100 2 198 100 2 
165 100 2 199 100 2 
166 100 2 200 100 2 
167 100 2 201 100 3 
202 100 3 
169 100 2 204 100 3 
170 100 2 205 100 3 
171 100 2 206 100 3 
172 100 2 207 100 3 
173 100 2 208 100 3 
174 100 2 175 100 2 
176 100 2 
177 100 2 208 100 3 
178 100 2 
179 100 2 209 100 3 
180 100 2 
180 100 2 210 100 3 
181 100 2 
182 100 2 210 100 3 
183 100 2 211 100 3 
184 100 2 212 100 3 
185 100 2 213 100 3 
186 100 2 214 100 3 
187 100 2 215 100 3 
188 100 2 216 100 3 
189 100 2 217 100 3 
190 100 2 218 100 3 
191 100 2 219 100 3 
192 100 2 220 100 3 
193 100 2 194 100 2 
195 100 2 220 100 3 
196 100 2 
196 100 2 
221 100 3 
198 100 2 222 100 3 
199 100 2 223 100 3 
200 100 2 224 100 3 
201 100 3 225 100 3 
202 100 3 226 100 3 
203 100 3 227 100 3 
204 100 3 228 100 3 
205 100 3 229 100 3 230 100 3 
206 100 3 230 100 3 
207 100 3 231 100 3 
208 100 3 232 100 3 
209 100 3 233 100 3 
210 100 3 234 100 3 
211 100 3 235 100 3 
212 100 3 236 100 3 
213 100 3 237 100 3 
214 100 3 238 100 3 
215 100 3 239 100 3 
216 100 3 240 100 3 
217 100 3 241 100 3 
218 100 3 242 100 3 
219 100 3 243 100 3 
220 100 3 244 100 3 
221 100 3 245 100 3 
222 100 3 246 100 3 
223 100 3 247 100 3 
248 100 3 
225 100 3 249 100 3 
226 100 3 250 100 3 
227 100 3 251 100 3 
228 100 3 252 100 3 
229 100 3 253 100 3 
230 100 3 254 100 3 
231 100 3 255 100 3 
232 100 3 256 100 3 
233 100 3 257 100 3 
234 100 3 258 100 3 
235 100 3 259 100 3 
236 100 3 260 100 3 
237 100 3 261 100 3 
238 100 3 262 100 3 
239 100 3 263 100 3 
240 100 3 264 100 3 
241 100 3 266 100 3 
242 100 3 266 100 3 268 100 3 
243 100 3 269 100 3 
244 100 3 270 100 3 272 100 3 
245 100 3 272 100 3 
246 100 3 274 100 3 
247 100 3 275 100 3 
248 100 3 276 100 3 
277 100 3 
250 100 3 278 100 3 
251 100 3 279 100 3 
252 100 3 280 100 3 
253 100 3 281 100 3 
254 100 3 282 100 3 
255 100 3 283 100 3 
256 100 3 284 100 3 
257 100 3 285 100 3 
258 100 3 286 100 3 
259 100 3 287 100 3 
260 100 3 288 100 3 
261 100 3 289 100 3 
262 100 3 290 100 3 
263 100 3 291 100 3 
264 100 3 292 100 3 
265 100 3 295 100 3 
266 100 3 295 100 3 
267 100 3 
268 100 3 297 100 3 
269 100 3 298 100 3 
270 100 3 299 100 3 
271 100 3 300 100 3 
272 100 3 301 100 3 
273 100 3 
274 100 3 303 100 3 
275 100 3 303 100 3 
276 100 3 305 100 3 
277 100 3 307 100 3 
308 100 3 
279 100 3 309 100 3 
280 100 3 310 100 3 
281 100 3 311 100 3 
282 100 3 312 100 3 
283 100 3 313 100 3 
284 100 3 314 100 3 
285 100 3 316 100 3 
286 100 3 319 100 3 
287 100 3 320 100 3 
288 100 3 321 100 3 
289 100 3 322 100 3 
290 100 3 323 100 3 
291 100 3 325 100 3 
292 100 3 328 100 3 
293 100 3 
294 100 3 330 100 3 331 100 3 
295 100 3 
296 100 3 332 100 3 
297 100 3 333 100 3 
298 100 3 334 100 3 
299 100 3 336 100 3 
300 100 3 337 100 3 
301 100 3 338 100 3 
302 100 3 339 100 3 
303 100 3 340 100 3 
304 100 3 
305 100 3 
306 100 3 341 100 3 342 100 3 
307 100 3 344 100 3 
308 100 3 345 100 3 
345 100 3 
310 100 3 346 100 3 
311 100 3 347 100 3 
312 100 3 348 100 3 
313 100 3 350 100 3 
314 100 3 351 100 3 
315 100 3 352 100 3 
316 100 3 353 100 3 
317 100 3 
318 100 3 355 100 3 
319 100 3 356 100 3 
320 100 3 357 100 3 
321 100 3 358 100 3 
322 100 3 359 100 3 
323 100 3 
324 100 3 360 100 3 
325 100 3 
326 100 3 361 100 3 
327 100 3 362 100 3 
328 100 3 
329 100 3 363 100 3 
330 100 3 
331 100 3 365 100 3 
332 100 3 
333 100 3 
334 100 3 
335 100 3 364 100 3 
336 100 3 
337 100 3 
338 100 3 
339 100 3 
340 100 3 365 100 3 
341 100 3 366 100 3 
342 100 3 
343 100 3 367 100 3 
344 100 3 368 100 3 
345 100 3 369 100 3 
370 100 3 
347 100 3 371 100 3 
348 100 3 372 100 3 
349 100 3 373 100 3 
350 100 3 374 100 3 
351 100 3 375 100 3 
352 100 3 376 100 3 
353 100 3 377 100 3 
354 100 3 378 100 3 
355 100 3 379 100 3 
356 100 3 380 100 3 
357 100 3 381 100 3 
358 100 3 382 100 3 
359 100 3 383 100 3 
360 100 3 384 100 3 
361 100 3 385 100 3 
362 100 3 386 100 3 
363 100 3 387 100 3 
364 100 3 388 100 3 
365 100 3 389 100 3 
366 100 3 390 100 3 
367 100 3 391 100 3 
368 100 3 392 100 3 
369 100 3 393 100 3 
370 100 3 394 100 3 
395 100 3 
372 100 3 396 100 3 
373 100 3 397 100 3 
374 100 3 398 100 3 
375 100 3 399 100 3 
376 100 3 400 100 3 
377 100 3 401 100 3 
378 100 3 402 100 3 
379 100 3 403 100 3 
380 100 3 404 100 3 
381 100 3 405 100 3 
382 100 3 406 100 3 
383 100 3 407 100 3 
384 100 3 408 100 3 
385 100 3 409 100 3 
386 100 3 410 100 3 
387 100 3 411 100 3 
388 100 3 412 100 3 
389 100 3 413 100 3 
390 100 3 414 100 3 
391 100 3 415 100 3 
392 100 3 416 100 3 
393 100 3 417 100 3 
394 100 3 418 100 3 
395 100 3 419 100 3 
420 100 3 
397 100 3 421 100 3 
398 100 3 422 100 3 
399 100 3 423 100 3 
400 100 3 424 100 3 
401 100 3 425 100 3 
402 100 3 426 100 3 
403 100 3 427 100 3 
404 100 3 428 100 3 
405 100 3 429 100 3 
406 100 3 430 100 3 
407 100 3 431 100 3 
408 100 3 432 100 3 
409 100 3 433 100 3 
410 100 3 434 100 3 
411 100 3 435 100 3 
412 100 3 436 100 3 
413 100 3 437 100 3 
414 100 3 438 100 3 
415 100 3 439 100 3 
416 100 3 440 100 3 
417 100 3 441 100 3 
418 100 3 442 100 3 
419 100 3 443 100 3 
420 100 3 444 100 3 
445 100 3 
422 100 3 446 100 3 
423 100 3 447 100 3 
424 100 3 448 100 3 
425 100 3 449 100 3 
426 100 3 450 100 3 
427 100 3 451 100 3 
428 100 3 452 100 3 
429 100 3 453 100 3 
430 100 3 454 100 3 
431 100 3 455 100 3 
432 100 3 456 100 3 
433 100 3 457 100 3 
434 100 3 458 100 3 
435 100 3 459 100 3 
436 100 3 460 100 3 
437 100 3 461 100 3 
438 100 3 462 100 3 
439 100 3 463 100 3 
440 100 3 464 100 3 
441 100 3 465 100 3 
442 100 3 466 100 3 
443 100 3 467 100 3 
444 100 3 468 100 3 
445 100 3 469 100 3 
470 100 3 
447 100 3 471 100 3 
448 100 3 472 100 3 
449 100 3 473 100 3 
450 100 3 474 100 3 
451 100 3 475 100 3 
452 100 3 476 100 3 
453 100 3 477 100 3 
454 100 3 478 100 3 
455 100 3 479 100 3 
456 100 3 480 100 3 
457 100 3 481 100 3 
458 100 3 482 100 3 
459 100 3 483 100 3 
460 100 3 484 100 3 
461 100 3 485 100 3 
462 100 3 486 100 3 
463 100 3 487 100 3 
464 100 3 488 100 3 
465 100 3 489 100 3 
466 100 3 490 100 3 
467 100 3 491 100 3 
468 100 3 492 100 3 
469 100 3 493 100 3 
470 100 3 494 100 3 
495 100 3 
472 100 3 496 100 3 
473 100 3 497 100 3 
474 100 3 498 100 3 
475 100 3 499 100 3 
476 100 3 500 100 2 
477 100 3 501 100 2 
478 100 3 502 100 2 
479 100 3 503 100 2 
480 100 3 504 100 2 
481 100 3 505 100 2 
482 100 3 506 100 2 
483 100 3 507 100 2 
484 100 3 508 100 2 
485 100 3 509 100 2 
486 100 3 510 100 2 
487 100 3 511 100 2 
488 100 3 512 100 2 
489 100 3 513 100 2 
490 100 3 514 100 2 
491 100 3 515 100 2 
492 100 3 516 100 2 
493 100 3 517 100 2 
494 100 3 518 100 2 
495 100 3 519 100 2 
520 100 2 
497 100 3 521 100 2 
498 100 3 522 100 2 
499 100 3 523 100 2 
500 100 2 524 100 2 
501 100 2 525 100 2 
502 100 2 526 100 2 
503 100 2 527 100 2 
504 100 2 528 100 2 
505 100 2 529 100 2 
506 100 2 530 100 2 
507 100 2 531 100 2 
508 100 2 532 100 2 
509 100 2 533 100 2 
510 100 2 534 100 2 
511 100 2 535 100 2 
512 100 2 536 100 2 
513 100 2 537 100 2 
514 100 2 538 100 2 
515 100 2 539 100 2 
516 100 2 540 100 2 
517 100 2 541 100 2 
518 100 2 542 100 2 
519 100 2 543 100 2 
520 100 2 544 100 2 
545 100 2 
522 100 2 546 100 2 
523 100 2 547 100 2 
524 100 2 548 100 2 
525 100 2 549 100 2 
526 100 2 550 100 2 
527 100 2 551 100 2 
528 100 2 552 100 2 
529 100 2 553 100 2 
530 100 2 554 100 2 
531 100 2 555 100 2 
532 100 2 556 100 2 
533 100 2 557 100 2 
534 100 2 558 100 2 
535 100 2 559 100 2 
536 100 2 560 100 2 
537 100 2 561 100 2 
538 100 2 562 100 2 
539 100 2 563 100 2 
540 100 2 564 100 2 
541 100 2 565 100 2 
542 100 2 566 100 2 
543 100 2 567 100 2 
544 100 2 568 100 2 
545 100 2 569 100 2 
570 100 2 
547 100 2 571 100 2 
548 100 2 572 100 2 
549 100 2 573 100 2 
550 100 2 574 100 2 
551 100 2 575 100 2 
552 100 2 576 100 2 
553 100 2 577 100 2 
554 100 2 578 100 2 
555 100 2 579 100 2 
556 100 2 580 100 2 
557 100 2 581 100 2 
558 100 2 582 100 2 
559 100 2 583 100 2 
560 100 2 584 100 2 
561 100 2 585 100 2 
562 100 2 586 100 2 
563 100 2 587 100 2 
564 100 2 588 100 2 
565 100 2 589 100 2 
566 100 2 590 100 2 
567 100 2 591 100 2 
568 100 2 592 100 2 
569 100 2 593 100 2 
570 100 2 594 100 2 
595 100 2 
572 100 2 596 100 2 
573 100 2 597 100 2 
574 100 2 598 100 2 
575 100 2 599 100 2 
576 100 2 600 100 2 
577 100 2 601 100 2 
578 100 2 602 100 2 
579 100 2 603 100 2 
580 100 2 604 100 2 
581 100 2 605 100 2 
582 100 2 606 100 2 
583 100 2 607 100 2 
584 100 2 608 100 2 
585 100 2 609 100 2 
586 100 2 610 100 2 
587 100 2 611 100 2 
588 100 2 612 100 2 
589 100 2 613 100 2 
590 100 2 614 100 2 
591 100 2 615 100 2 
592 100 2 616 100 2 
593 100 2 617 100 2 
594 100 2 618 100 2 
595 100 2 619 100 2 
620 100 2 
597 100 2 621 100 2 
598 100 2 622 100 2 
599 100 2 623 100 2 
600 100 2 624 100 2 
601 100 2 625 100 2 
602 100 2 626 100 2 
603 100 2 627 100 2 
604 100 2 628 100 2 
605 100 2 629 100 2 
606 100 2 630 100 2 
607 100 2 631 100 2 
608 100 2 632 100 2 
609 100 2 633 100 2 
610 100 2 634 100 2 
611 100 2 635 100 2 
612 100 2 636 100 2 
613 100 2 637 100 2 
614 100 2 638 100 2 
615 100 2 639 100 2 
616 100 2 640 100 2 
617 100 2 641 100 2 
618 100 2 642 100 2 
619 100 2 643 100 2 
620 100 2 644 100 2 
645 100 2 
622 100 2 646 100 2 
623 100 2 647 100 2 
624 100 2 648 100 2 
625 100 2 649 100 2 
626 100 2 650 100 2 
627 100 2 651 100 2 
628 100 2 652 100 2 
629 100 2 653 100 2 
630 100 2 654 100 2 
631 100 2 655 100 2 
632 100 2 656 100 2 
633 100 2 657 100 2 
634 100 2 658 100 2 
635 100 2 659 100 2 
636 100 2 660 100 2 
637 100 2 661 100 2 
638 100 2 662 100 2 
639 100 2 663 100 2 
640 100 2 664 100 2 
641 100 2 665 100 2 
642 100 2 666 100 2 
643 100 2 667 100 2 
644 100 2 668 100 2 
645 100 2 669 100 2 
670 100 2 
647 100 2 671 100 2 
648 100 2 672 100 2 
649 100 2 673 100 2 
650 100 2 674 100 2 
651 100 2 675 100 2 
652 100 2 676 100 2 
653 100 2 677 100 2 
654 100 2 678 100 2 
655 100 2 679 100 2 
656 100 2 680 100 2 
657 100 2 681 100 2 
658 100 2 682 100 2 
659 100 2 683 100 2 
660 100 2 684 100 2 
661 100 2 685 100 2 
662 100 2 686 100 2 
663 100 2 687 100 2 
664 100 2 688 100 2 
665 100 2 689 100 2 
666 100 2 690 100 2 
667 100 2 691 100 2 
668 100 2 692 100 2 
669 100 2 693 100 2 
670 100 2 694 100 2 
695 100 2 
672 100 2 696 100 2 
673 100 2 697 100 2 
674 100 2 698 100 2 
675 100 2 699 100 2 
676 100 2 700 100 2 
677 100 2 701 100 4 
678 100 2 702 100 4 
679 100 2 703 100 4 
680 100 2 704 100 4 
681 100 2 705 100 4 
682 100 2 706 100 4 
683 100 2 707 100 4 
684 100 2 708 100 4 
685 100 2 709 100 4 
686 100 2 710 100 4 
687 100 2 711 100 4 
688 100 2 712 100 4 
689 100 2 713 100 4 
690 100 2 714 100 4 
691 100 2 715 100 4 
692 100 2 716 100 4 
693 100 2 717 100 4 
694 100 2 718 100 4 
695 100 2 719 100 4 
720 100 4 
697 100 2 721 100 4 
698 100 2 722 100 4 
699 100 2 723 100 4 
700 100 2 724 100 4 
701 100 4 725 100 4 
702 100 4 726 100 4 
703 100 4 727 100 4 
704 100 4 728 100 4 
705 100 4 729 100 4 
706 100 4 730 100 4 
707 100 4 731 100 4 
708 100 4 732 100 4 
709 100 4 733 100 4 
710 100 4 734 100 4 
711 100 4 735 100 4 
712 100 4 736 100 4 
713 100 4 737 100 4 
714 100 4 738 100 4 
715 100 4 739 100 4 
716 100 4 740 100 4 
717 100 4 741 100 4 
718 100 4 742 100 4 
719 100 4 743 100 4 
720 100 4 744 100 4 
745 100 4 
722 100 4 746 100 4 
723 100 4 747 100 4 
724 100 4 748 100 4 
725 100 4 749 100 4 
726 100 4 750 100 4 
727 100 4 751 100 4 
728 100 4 752 100 4 
729 100 4 753 100 4 
730 100 4 754 100 4 
731 100 4 755 100 4 
732 100 4 756 100 4 
733 100 4 757 100 4 
734 100 4 758 100 4 
735 100 4 759 100 4 
736 100 4 760 100 4 
737 100 4 761 100 4 
738 100 4 762 100 4 
739 100 4 763 100 4 
740 100 4 764 100 4 
741 100 4 765 100 4 
742 100 4 766 100 4 
743 100 4 767 100 4 
744 100 4 768 100 4 
745 100 4 769 100 4 
770 100 4 
747 100 4 771 100 4 
748 100 4 772 100 4 
749 100 4 773 100 4 
750 100 4 774 100 4 
751 100 4 775 100 4 
752 100 4 776 100 4 
753 100 4 777 100 4 
754 100 4 778 100 4 
755 100 4 779 100 4 
756 100 4 780 100 4 
757 100 4 781 100 4 
758 100 4 782 100 4 
759 100 4 783 100 4 
760 100 4 784 100 4 
761 100 4 785 100 4 
762 100 4 786 100 4 
763 100 4 787 100 4 
764 100 4 788 100 4 
765 100 4 789 100 4 
766 100 4 790 100 4 
767 100 4 791 100 4 
768 100 4 792 100 4 
769 100 4 793 100 4 
770 100 4 794 100 4 
795 100 4 
772 100 4 796 100 4 
773 100 4 797 100 4 
774 100 4 798 100 4 
775 100 4 799 100 4 
776 100 4 800 100 4 
777 100 4 801 100 4 
778 100 4 802 100 4 
779 100 4 803 100 4 
780 100 4 804 100 4 
781 100 4 805 100 4 
782 100 4 806 100 4 
783 100 4 807 100 4 
784 100 4 808 100 4 
785 100 4 809 100 4 
786 100 4 810 100 4 
787 100 4 811 100 4 
788 100 4 812 100 4 
789 100 4 813 100 4 
790 100 4 814 100 4 
791 100 4 815 100 4 
792 100 4 816 100 4 
793 100 4 817 100 4 
794 100 4 818 100 4 
795 100 4 819 100 4 
820 100 4 
797 100 4 821 100 4 
798 100 4 822 100 4 
799 100 4 823 100 4 
800 100 4 824 100 4 
801 100 4 825 100 4 
802 100 4 826 100 4 
803 100 4 827 100 4 
804 100 4 828 100 4 
805 100 4 829 100 4 
806 100 4 830 100 4 
807 100 4 831 100 4 
808 100 4 832 100 4 
809 100 4 833 100 4 
810 100 4 834 100 4 
811 100 4 835 100 4 
812 100 4 836 100 4 
813 100 4 837 100 4 
814 100 4 838 100 4 
815 100 4 839 100 4 
816 100 4 840 100 4 
817 100 4 841 100 4 
818 100 4 842 100 4 
819 100 4 843 100 4 
820 100 4 844 100 4 
845 100 4 
822 100 4 846 100 4 
823 100 4 847 100 4 
824 100 4 848 100 4 
825 100 4 849 100 4 
826 100 4 850 100 4 
827 100 4 851 100 4 
828 100 4 852 100 4 
829 100 4 853 100 4 
830 100 4 854 100 4 
831 100 4 855 100 4 
832 100 4 856 100 4 
833 100 4 857 100 4 
834 100 4 858 100 4 
835 100 4 859 100 4 
836 100 4 860 100 4 
837 100 4 861 100 4 
838 100 4 862 100 4 
839 100 4 863 100 4 
840 100 4 864 100 4 
841 100 4 865 100 4 
842 100 4 866 100 4 
843 100 4 867 100 4 
844 100 4 868 100 4 
845 100 4 869 100 4 
870 100 4 
847 100 4 871 100 4 
848 100 4 872 100 4 
849 100 4 873 100 4 
850 100 4 874 100 4 
851 100 4 875 100 4 
852 100 4 876 100 4 
853 100 4 877 100 4 
854 100 4 878 100 4 
855 100 4 879 100 4 
856 100 4 880 100 4 
857 100 4 881 100 4 
858 100 4 882 100 4 
859 100 4 883 100 4 
860 100 4 884 100 4 
861 100 4 885 100 4 
862 100 4 886 100 4 
863 100 4 887 100 4 
864 100 4 888 100 4 
865 100 4 889 100 4 
866 100 4 890 100 4 
867 100 4 891 100 4 
868 100 4 892 100 4 
869 100 4 893 100 4 
870 100 4 894 100 4 
895 100 4 
872 100 4 896 100 4 
873 100 4 897 100 4 
874 100 4 898 100 4 
875 100 4 899 100 4 
876 100 4 900 100 2 
877 100 4 901 100 2 
878 100 4 902 100 2 
879 100 4 903 100 2 
880 100 4 904 100 2 
881 100 4 905 100 2 
882 100 4 906 100 2 
883 100 4 907 100 2 
884 100 4 908 100 2 
885 100 4 909 100 2 
886 100 4 910 100 2 
887 100 4 911 100 2 
888 100 4 912 100 2 
889 100 4 913 100 2 
890 100 4 914 100 2 
891 100 4 915 100 2 
892 100 4 916 100 2 
893 100 4 917 100 2 
894 100 4 918 100 2 
895 100 4 919 100 2 
920 100 2 
897 100 4 921 100 2 
898 100 4 922 100 2 
899 100 4 923 100 2 
900 100 2 924 100 2 
901 100 2 925 100 2 
902 100 2 926 100 2 
903 100 2 927 100 2 
904 100 2 928 100 2 
905 100 2 929 100 2 
906 100 2 930 100 2 
907 100 2 931 100 2 
908 100 2 932 100 2 
909 100 2 933 100 2 
910 100 2 934 100 2 
911 100 2 935 100 2 
912 100 2 936 100 2 
913 100 2 937 100 2 
914 100 2 938 100 2 
915 100 2 939 100 2 
916 100 2 940 100 2 
917 100 2 941 100 2 
918 100 2 942 100 2 
919 100 2 943 100 2 
920 100 2 944 100 2 
945 100 2 
922 100 2 946 100 2 
923 100 2 947 100 2 
924 100 2 948 100 2 
925 100 2 949 100 2 
926 100 2 950 100 2 
927 100 2 951 100 2 
928 100 2 952 100 2 
929 100 2 953 100 2 
930 100 2 954 100 2 
931 100 2 955 100 2 
932 100 2 956 100 2 
933 100 2 957 100 2 
934 100 2 958 100 2 
935 100 2 959 100 2 
936 100 2 960 100 2 
937 100 2 961 100 2 
938 100 2 962 100 2 
939 100 2 963 100 2 
940 100 2 964 100 2 
941 100 2 965 100 2 
942 100 2 966 100 2 
943 100 2 967 100 2 
944 100 2 968 100 2 
945 100 2 969 100 2 
970 100 2 
947 100 2 971 100 2 
948 100 2 972 100 2 
949 100 2 973 100 2 
950 100 2 974 100 2 
951 100 2 975 100 2 
952 100 2 976 100 2 
953 100 2 977 100 2 
954 100 2 978 100 2 
955 100 2 979 100 2 
956 100 2 980 100 2 
957 100 2 981 100 5 
958 100 2 982 100 5 
959 100 2 983 100 5 
960 100 2 984 100 5 
961 100 2 985 100 5 
962 100 2 986 100 5 
963 100 2 987 100 5 
964 100 2 988 100 5 
965 100 2 989 100 5 
966 100 2 990 100 5 
967 100 2 991 100 5 
968 100 2 992 100 5 
969 100 2 993 100 5 
970 100 2 994 100 5 
995 100 5 
972 100 2 996 100 5 
973 100 2 997 100 5 
974 100 2 998 100 5 
975 100 2 999 100 5 
976 100 2 1000 100 2 
977 100 2 1001 100 2 
978 100 2 1002 100 2 
979 100 2 1003 100 2 
980 100 2 1004 100 2 
981 100 5 1005 100 2 
982 100 5 1006 100 2 
983 100 5 1007 100 2 
984 100 5 1008 100 2 
985 100 5 1009 100 2 
986 100 5 1010 100 2 
987 100 5 1011 100 2 
988 100 5 1012 100 2 
989 100 5 1013 100 2 
990 100 5 1014 100 2 
991 100 5 1015 100 2 
992 100 5 1016 100 2 
993 100 5 1017 100 2 
994 100 5 1018 100 2 
995 100 5 1019 100 2 
1020 100 2 
997 100 5 1021 100 2 
998 100 5 1022 100 2 
999 100 5 1023 100 2 
1000 100 2 1024 100 2 
1001 100 2 1025 100 2 
1002 100 2 1026 100 2 
1003 100 2 1027 100 2 
1004 100 2 1028 100 2 
1005 100 2 1029 100 2 
1006 100 2 1030 100 2 
1007 100 2 1031 100 2 
1008 100 2 1032 100 2 
1009 100 2 1033 100 2 
1010 100 2 1034 100 2 
1011 100 2 1035 100 2 
1012 100 2 1036 100 2 
1013 100 2 1037 100 2 
1014 100 2 1038 100 2 
1015 100 2 1039 100 2 
1016 100 2 1040 100 2 
1017 100 2 1041 100 2 
1018 100 2 1042 100 2 
1019 100 2 1043 100 2 
1020 100 2 1044 100 2 
1045 100 2 
1022 100 2 1046 100 2 
1023 100 2 1047 100 2 
1024 100 2 1048 100 2 
1025 100 2 1049 100 2 
1026 100 2 1050 100 2 
1027 100 2 1051 100 2 
1028 100 2 1052 100 2 
1029 100 2 1053 100 2 
1030 100 2 1054 100 2 
1031 100 2 1055 100 2 
1032 100 2 1056 100 2 
1033 100 2 1057 100 2 
1034 100 2 1058 100 2 
1035 100 2 1059 100 2 
1036 100 2 1060 100 2 
1037 100 2 1061 100 2 
1038 100 2 1062 100 2 
1039 100 2 1063 100 2 
1040 100 2 1064 100 2 
1041 100 2 1065 100 2 
1042 100 2 1066 100 2 
1043 100 2 1067 100 2 
1044 100 2 1068 100 2 
1045 100 2 1069 100 2 
1070 100 2 
1047 100 2 1071 100 2 
1048 100 2 1072 100 2 
1049 100 2 1073 100 2 
1050 100 2 1074 100 2 
1051 100 2 1075 100 2 
1052 100 2 1076 100 2 
1053 100 2 1077 100 2 
1054 100 2 1078 100 2 
1055 100 2 1079 100 2 
1056 100 2 1080 100 2 
1057 100 2 1081 100 2 
1058 100 2 1082 100 2 
1059 100 2 1083 100 2 
1060 100 2 1084 100 2 
1061 100 2 1085 100 2 
1062 100 2 1086 100 2 
1063 100 2 1087 100 2 
1064 100 2 1088 100 2 
1065 100 2 1089 100 2 
1066 100 2 1090 100 2 
1067 100 2 1091 100 2 
1068 100 2 1092 100 2 
1069 100 2 1093 100 2 
1070 100 2 1094 100 2 
1095 100 2 
1072 100 2 
1073 100 2 
1074 100 2 
1075 100 2 
1076 100 2 
1077 100 2 
1078 100 2 
1079 100 2 
1080 100 2 
1081 100 2 
1082 100 2 
1083 100 2 
1084 100 2 
1085 100 2 
1086 100 2 
1087 100 2 
1088 100 2 
1089 100 2 
1090 100 2 
1091 100 2 
1092 100 2 
1093 100 2 
1094 100 2 
1095 100 2